RESOLUTION: 1000X1000
Origin: 500, 500

BODY

position: 142, 303 (top left)
size: 720, 562
center: 502,584		0.0040, -0.1680

//compensate for lost area slightly above feet

HEAD
position: 281,117
size: 444,344
center: 503, 289	0.0060, 0.4220

RIGHT FOOT
position: 660, 634
size: 265, 265
center: 792, 766	0.5840, -0.5320

LEFT FOOT
position:77,640
size: 279,259
center: 216,769		-0.5680, -0.5380

LEFT BEAN
position: 109,685
size: 104,104
center:161,737		-0.678, -0.474
rotate: 15 deg

RIGHT BEAN
position: 620,808
size: 111,103
center: 676, 860	0.352,-0.72
rotate: 15 deg


LEFT ARM
position: 52, 211
size: 388,184
rotate: 45 deg
center: 246,303		-0.508,0.394

RIGHT ARM
position: 612,557
size: 179,398
rotate: 45 deg
center: 701,756		0.402, -0.512

FACE
position: 316,144
size:376,282
center: 504,285		0.008,0.43

FOREHEAD
500,184				0.0, 0.632
600,143				0.2, 0.714
416,143				-0.168, 0.714

FACE FEATURES

363,227
413,217
459,223

538,219
562,213
607,214
633,226

569,275
544,270
563,250

569,275
544,270
501,266
456,268
431,273

431,273
456,268
441,249

-0.2740, 0.5460
-0.1740, 0.5660
-0.0820, 0.5540

0.0760, 0.5620
0.1240, 0.5740
0.2140, 0.5720
0.2660, 0.5480

0.1380, 0.4500
0.0880, 0.4600
0.1260, 0.5000

0.1380, 0.4500
0.0880, 0.4600
0.0020, 0.4680
-0.0880, 0.4640
-0.1380, 0.4540

-0.1380, 0.4540
-0.0880, 0.4640
-0.1180, 0.5020

LEFT EAR
295,221				-0.41, 0.558
394,137				-0.212,0.726 
289,103				-0.422,0.794

FEET CLAWS

105,792
99,806
88,814
71,812
46,798
37,786
46,776
82,763
98,773
-0.7900, -0.5840
-0.8020, -0.6120
-0.8240, -0.6280
-0.8580, -0.6240
-0.9080, -0.5960
-0.9260, -0.5720
-0.9080, -0.5520
-0.8360, -0.5260
-0.8040, -0.5460


131,706
135,694
135,682
117,669
88,661
74,660
84,701
95,720
115,720
-0.7380, -0.4120
-0.7300, -0.3880
-0.7300, -0.3640
-0.7660, -0.3380
-0.8240, -0.3220
-0.8520, -0.3200
-0.8320, -0.4020
-0.8100, -0.4400
-0.7700, -0.4400

204,662
216,652
223,682
211,619
194,604
174,596
170,610
171,652
178,660
-0.5920, -0.3240
-0.5680, -0.3040
-0.5540, -0.3640
-0.5780, -0.2380
-0.6120, -0.2080
-0.6520, -0.1920
-0.6600, -0.2200
-0.6580, -0.3040
-0.6440, -0.3200

825,588
825,649
812,656
794,651
774,636
774,629
0.6500, -0.1760
0.6500, -0.2980
0.6240, -0.3120
0.5880, -0.3020
0.5480, -0.2720
0.5480, -0.2580

925,643
901,697
889,695
874,686
867,664
873,656
0.8500, -0.2860
0.8020, -0.3940
0.7780, -0.3900
0.7480, -0.3720
0.7340, -0.3280
0.7460, -0.3120

964,761
919,743
910,762
925,784
0.9280, -0.5220
0.8380, -0.4860
0.8200, -0.5240
0.8500, -0.5680

HAND CLAWS
//left
-0.9540, -0.2540
-0.9820, -0.2760
-0.9840, -0.2840
-0.9660, -0.2860
-0.9520, -0.2800

-0.9520, -0.2960
-0.9760, -0.3260
-0.9580, -0.3260
-0.9420, -0.3180
-0.9420, -0.3040

-0.9380, -0.3400
-0.9560, -0.3680
-0.9360, -0.3700
-0.9240, -0.3620

-0.9100, -0.3720
-0.9140, -0.4100
-0.8880, -0.3880

-0.8600, -0.3960
-0.8400, -0.4280
-0.8300, -0.3820

//right
0.9500, -0.2540
0.9800, -0.2840
0.9480, -0.2800

0.9480, -0.2960
0.9760, -0.3280
0.9440, -0.3240

0.9400, -0.3360
0.9640, -0.3740
0.9260, -0.3580

0.9140, -0.3720
0.9200, -0.4120
0.8920, -0.3880

0.8640, -0.3960
0.8360, -0.4280
0.8180, -0.3960

LEFT BELLY

rotate: 15 degrees

BELLY
MID
position: 247, 305
size: 512, 238
center: 503,424		0.006, 0.152
LEFT
position: 203, 303
size: 288, 220
center: 347, 413	-0.306, 0.174
rotation: 20 degrees
RIGHT
position: 517, 306
size: 264,221
center: 649, 417	0.298, 0.166
rotation: -15 degrees
ADDITIONAL
-0.3400, -0.1640
-0.1540, -0.0720
0.0000, -0.0860

0.0000, -0.0860
0.162,-0.072
0.322, -0.138